              precision    recall  f1-score   support

         AES      0.828     0.779     0.803        68
      BASE64      0.900     0.931     0.915        58
         DES      0.812     0.722     0.765        72
         ECC      0.922     0.797     0.855        74
        HMAC      0.559     0.897     0.689        58
         MD5      0.828     0.779     0.803        68
  NON_CRYPTO      0.873     0.753     0.809        73
        PRNG      0.887     0.809     0.846        68
         RC4      0.721     0.838     0.775        74
         RSA      0.644     0.767     0.700        73
        SHA1      0.833     0.703     0.763        64
      SHA256      0.940     0.926     0.933        68
  XOR_CIPHER      0.841     0.755     0.796        98

    accuracy                          0.800       916
   macro avg      0.815     0.804     0.804       916
weighted avg      0.817     0.800     0.803       916
