              precision    recall  f1-score   support

         AES      0.667     0.824     0.737        68
      BASE64      0.753     0.948     0.840        58
         DES      0.859     0.764     0.809        72
         ECC      0.763     0.784     0.773        74
        HMAC      0.672     0.707     0.689        58
         MD5      0.875     0.721     0.790        68
  NON_CRYPTO      0.891     0.671     0.766        73
        PRNG      0.811     0.882     0.845        68
         RC4      0.730     0.622     0.672        74
         RSA      0.605     0.712     0.654        73
        SHA1      0.731     0.766     0.748        64
      SHA256      0.937     0.868     0.901        68
  XOR_CIPHER      0.830     0.796     0.812        98

    accuracy                          0.772       916
   macro avg      0.779     0.774     0.772       916
weighted avg      0.782     0.772     0.772       916
